descriptor,auc,auc_50,auc_70,auc_90,auc_1
cell_count,0.6034563908147453,0.7296296296296296,0.3037037037037037,0.08888888888888889,0.05555555555555555
cp_es_op,0.6093758479838154,0.7185185185185186,0.37777777777777777,0.05925925925925926,0.018518518518518517
cpcl_es_op,0.5929559757151359,0.6925925925925925,0.32592592592592595,0.08518518518518518,0.044444444444444446
ge_cp_es_op,0.5790669045821542,0.674074074074074,0.2740740740740741,0.05185185185185185,0.037037037037037035
ge_es_op,0.5873932798697452,0.6962962962962963,0.26296296296296295,0.07037037037037037,0.040740740740740744
ge_mo_cp_es_op,0.6471598075093014,0.6888888888888889,0.37037037037037035,0.07407407407407407,0.02962962962962963
ge_mo_es_op,0.6485530899795702,0.6703703703703704,0.36666666666666664,0.06666666666666667,0.025925925925925925
ge_mobc_cp_es_op,0.5867491689201692,0.7296296296296296,0.26296296296296295,0.06296296296296296,0.040740740740740744
ge_mobc_es_op,0.5967994607305922,0.7222222222222222,0.2777777777777778,0.07777777777777778,0.04814814814814815
ges_es_op,0.5792383287820312,0.6777777777777778,0.26296296296296295,0.06666666666666667,0.05555555555555555
late_fusion_cs_ge,0.6379646931748694,0.762962962962963,0.40370370370370373,0.06666666666666667,0.03333333333333333
late_fusion_cs_ge_mobc,0.6538663513246018,0.7592592592592593,0.43333333333333335,0.1037037037037037,0.05185185185185185
late_fusion_cs_mobc,0.6437339986840447,0.7555555555555555,0.45925925925925926,0.11481481481481481,0.05555555555555555
late_fusion_ge_mobc,0.6484077399190706,0.7814814814814814,0.4,0.1037037037037037,0.05185185185185185
mo_cp_es_op,0.6443385123010494,0.6814814814814815,0.4,0.08148148148148149,0.014814814814814815
mo_es_op,0.6522165619593914,0.8037037037037037,0.4444444444444444,0.0962962962962963,0.037037037037037035
mobc_cp_es_op,0.6121340107074945,0.737037037037037,0.4111111111111111,0.06296296296296296,0.025925925925925925
mobc_es_op,0.6263871712358402,0.7296296296296296,0.37777777777777777,0.1037037037037037,0.04814814814814815
