descriptor,auc,auc_50,auc_70,auc_90
cell_count,0.1979329941803209,0.42832713348357887,0.4795702330485809,0.2903989384266929
cp_es_op,0.22307177837577152,0.4505568937722271,0.4857319876398966,0.2365477533141295
cpcl_es_op,0.23559952449075208,0.46227651160223043,0.4695901816803158,0.2796754674009694
ge_cp_es_op,0.21364786513067108,0.469590181680316,0.446874808939127,0.22213959636986894
ge_es_op,0.1958835550940918,0.46071020129503293,0.4410600176207369,0.256245141130563
ge_mo_cp_es_op,0.20877826851289624,0.46380784809060055,0.4838006400800538,0.2623777358638123
ge_mo_es_op,0.20258901637823168,0.4709515913013828,0.4827892934383862,0.24990704591610252
ge_mobc_cp_es_op,0.2153713950676803,0.4449759316951495,0.4410600176207367,0.24334739368543284
ge_mobc_es_op,0.1968925554435309,0.4487349697876074,0.4487349697876074,0.26831892100727456
ges_es_op,0.21915518260241446,0.46819540715526964,0.44106001762073654,0.2499070459161027
late_fusion_cs_ge,0.19549417694222954,0.4260549104601983,0.49155052570116,0.24990704591610258
late_fusion_cs_ge_mobc,0.2079989995508504,0.428327133483579,0.49645584041985946,0.30544194500856986
late_fusion_cs_mobc,0.2321853333034187,0.430555389002113,0.49926284638838875,0.3193903389698709
late_fusion_ge_mobc,0.20165038374650598,0.4140084558490633,0.49080769483429054,0.30544194500856986
mo_cp_es_op,0.2180981615952822,0.46676696862729533,0.4908076948342907,0.27408114425017427
mo_es_op,0.21705282714642524,0.39793283836899235,0.4978267515886162,0.2955449650734785
mobc_cp_es_op,0.22911653434535312,0.4410600176207367,0.49294904487444435,0.2433473936854329
mobc_es_op,0.2235180904490349,0.44497593169514965,0.48573198763989667,0.30544194500856986
